W	= [0.3;0.6;1.2];
L	= [0.18;0.36;0.72;0.49];
Vds	= [0.01;0.03;0.06;0.09;0.1;0.2;0.3;0.4;0.5;0.6;0.7;0.8;0.9;1;1.1;1.2;1.3;1.4;1.5;1.6;1.7;1.8];
Vgs	= (0.1:0.01:1.8)'

%	Stored transistor parameters: id , gm , gds , vt

id_n	= zeros(171,22,4,3);
gm_n	= zeros(171,22,4,3);
gds_n	= zeros(171,22,4,3);
vt_n	= zeros(171,22,4,3);

id_n(:,1,1,1) = [5.36960712187e-06;5.34876117385e-06;5.32764002575e-06;5.30624198178e-06;5.28456536047e-06;5.26260849534e-06;5.24036973561e-06;5.21784744696e-06;5.19504001224e-06;5.17194583221e-06;5.14856332633e-06;5.12489093350e-06;5.10092711284e-06;5.07667034453e-06;5.05211913054e-06;5.02727199550e-06;5.00212748748e-06;4.97668417886e-06;4.95094066716e-06;4.92489557587e-06;4.89854755535e-06;4.87189528369e-06;4.84493746758e-06;4.81767284318e-06;4.79010017710e-06;4.76221826722e-06;4.73402594364e-06;4.70552206962e-06;4.67670554251e-06;4.64757529466e-06;4.61813029439e-06;4.58836954695e-06;4.55829209548e-06;4.52789702196e-06;4.49718344820e-06;4.46615053681e-06;4.43479749221e-06;4.40312356158e-06;4.37112803589e-06;4.33881025089e-06;4.30616958809e-06;4.27320547581e-06;4.23991739016e-06;4.20630485606e-06;4.17236744828e-06;4.13810479240e-06;4.10351656592e-06;4.06860249920e-06;4.03336237656e-06;3.99779603724e-06;3.96190337649e-06;3.92568434656e-06;3.88913895777e-06;3.85226727952e-06;3.81506944135e-06;3.77754563399e-06;3.73969611039e-06;3.70152118681e-06;3.66302124385e-06;3.62419672757e-06;3.58504815052e-06;3.54557609293e-06;3.50578120374e-06;3.46566420185e-06;3.42522587724e-06;3.38446709218e-06;3.34338878257e-06;3.30199195919e-06;3.26027770916e-06;3.21824719738e-06;3.17590166811e-06;3.13324244673e-06;3.09027094156e-06;3.04698864590e-06;3.00339714033e-06;2.95949809520e-06;2.91529327347e-06;2.87078453396e-06;2.82597383497e-06;2.78086323853e-06;2.73545491519e-06;2.68975114971e-06;2.64375434749e-06;2.59746704225e-06;2.55089190488e-06;2.50403175389e-06;2.45688956760e-06;2.40946849858e-06;2.36177189055e-06;2.31380329830e-06;2.26556651123e-06;2.21706558100e-06;2.16830485422e-06;2.11928901087e-06;2.07002310966e-06;2.02051264137e-06;1.97076359165e-06;1.92078251478e-06;1.87057662034e-06;1.82015387478e-06;1.76952312032e-06;1.71869421393e-06;1.66767818929e-06;1.61648744520e-06;1.56513596404e-06;1.51363956421e-06;1.46201619076e-06;1.41028624827e-06;1.35847298023e-06;1.30660289849e-06;1.25470626574e-06;1.20281763249e-06;1.15097642811e-06;1.09922760242e-06;1.04762231019e-06;9.96218625468e-07;9.45082265493e-07;8.94287295174e-07;8.43916772492e-07;7.94063283226e-07;7.44829300468e-07;6.96327291703e-07;6.48679485536e-07;6.02017203709e-07;5.56479665028e-07;5.12212179465e-07;4.69363676344e-07;4.28083552338e-07;3.88517883282e-07;3.50805115740e-07;3.15071432970e-07;2.81426064935e-07;2.49956869659e-07;2.20726539621e-07;1.93769770818e-07;1.69091668789e-07;1.46667559269e-07;1.26444234733e-07;1.08342522698e-07;9.22609312798e-08;7.80800338369e-08;6.56672116478e-08;5.48813851226e-08;4.55774225466e-08;3.76100049016e-08;3.08368259607e-08;2.51210996299e-08;2.03334174839e-08;1.63530420298e-08;1.30687362074e-08;1.03792234619e-08;8.19335469255e-09;6.43003766538e-09;5.01796780489e-09;3.89518985871e-09;3.00851757498e-09;2.31284082095e-09;1.77035328299e-09;1.34973628672e-09;1.02533380618e-09;7.76350127456e-10;5.86095585505e-10;4.41298465062e-10;3.31493722998e-10;2.48492562999e-10;1.85931607085e-10;1.38896642067e-10;1.03613589868e-10;7.71982228077e-11;5.74559233897e-11;4.27231834012e-11];
gm_n(:,1,1,1) = [2.08627059871e-06;2.11384782405e-06;2.14159416561e-06;2.16950816706e-06;2.19758830141e-06;2.22583296989e-06;2.25424050082e-06;2.28280914853e-06;2.31153709226e-06;2.34042243501e-06;2.36946320251e-06;2.39865734214e-06;2.42800272184e-06;2.45749712906e-06;2.48713826974e-06;2.51692376730e-06;2.54685116159e-06;2.57691790790e-06;2.60712137605e-06;2.63745884934e-06;2.66792752368e-06;2.69852450666e-06;2.72924681665e-06;2.76009138192e-06;2.79105503981e-06;2.82213453591e-06;2.85332652324e-06;2.88462756153e-06;2.91603411642e-06;2.94754255880e-06;2.97914916412e-06;3.01085011172e-06;3.04264148425e-06;3.07451926704e-06;3.10647934760e-06;3.13851751507e-06;3.17062945976e-06;3.20281077268e-06;3.23505694516e-06;3.26736336844e-06;3.29972533336e-06;3.33213803000e-06;3.36459654746e-06;3.39709587358e-06;3.42963089470e-06;3.46219639551e-06;3.49478705883e-06;3.52739746547e-06;3.56002209411e-06;3.59265532108e-06;3.62529142027e-06;3.65792456293e-06;3.69054881749e-06;3.72315814929e-06;3.75574642028e-06;3.78830738861e-06;3.82083470811e-06;3.85332192765e-06;3.88576249024e-06;3.91814973197e-06;3.95047688058e-06;3.98273705376e-06;4.01492325690e-06;4.04702838040e-06;4.07904519624e-06;4.11096635382e-06;4.14278437482e-06;4.17449164689e-06;4.20608041599e-06;4.23754277705e-06;4.26887066270e-06;4.30005582955e-06;4.33108984168e-06;4.36196405080e-06;4.39266957233e-06;4.42319725668e-06;4.45353765495e-06;4.48368097770e-06;4.51361704583e-06;4.54333523185e-06;4.57282438986e-06;4.60207277211e-06;4.63106792971e-06;4.65979659460e-06;4.68824453926e-06;4.71639641026e-06;4.74423553091e-06;4.77174366742e-06;4.79890075220e-06;4.82568455673e-06;4.85207030525e-06;4.87803021904e-06;4.90353297960e-06;4.92854309710e-06;4.95302016856e-06;4.97691800793e-06;5.00018362805e-06;5.02275605176e-06;5.04456492694e-06;5.06552891783e-06;5.08555384249e-06;5.10453052476e-06;5.12233232792e-06;5.13881233782e-06;5.15380016581e-06;5.16709834722e-06;5.17847832132e-06;5.18767599369e-06;5.19438690592e-06;5.19826107067e-06;5.19889757666e-06;5.19583913044e-06;5.18856678331e-06;5.17649519459e-06;5.15896890943e-06;5.13526027809e-06;5.10456981137e-06;5.06602994239e-06;5.01871332912e-06;4.96164695645e-06;4.89383333729e-06;4.81428001409e-06;4.72203825897e-06;4.61625129577e-06;4.49621146635e-06;4.36142452216e-06;4.21167769115e-06;4.04710649622e-06;3.86825374149e-06;3.67611299506e-06;3.47214868593e-06;3.25828595826e-06;3.03686587277e-06;2.81056530760e-06;2.58228552456e-06;2.35501804925e-06;2.13170030859e-06;1.91507549643e-06;1.70757083764e-06;1.51120574956e-06;1.32753686698e-06;1.15764144902e-06;1.00213545260e-06;8.61218553708e-07;7.34736269000e-07;6.22249227117e-07;5.23101233802e-07;4.36480413881e-07;3.61470625967e-07;2.97092855089e-07;2.42337959100e-07;1.96192846134e-07;1.57662037334e-07;1.25785942259e-07;9.96564090664e-08;7.84295002980e-08;6.13351407732e-08;4.76832945325e-08;3.68665593066e-08;2.83593868588e-08;2.17144284735e-08;1.65566947539e-08;1.25762856266e-08;9.52040550372e-09;7.18526483736e-09;5.40832104885e-09;4.06116054328e-09;3.04318992366e-09;2.27619881094e-09;1.69978101904e-09;1.26755238176e-09];
