W_n	= [0.36;0.74;1.48;2.96;6;12;24];
L_n	= [0.18;0.36;0.72;1.48];
Vin_n	= (0:0.02:1.8)';

%	Stored transistor parameters: id

id_n	= zeros(91,4,7);

id_n(:,1,1) = [1.00016577508e-12;2.90706953285e-06;6.03078521212e-06;9.34900466195e-06;1.28416867469e-05;1.64908624054e-05;2.02805030207e-05;2.41963409770e-05;2.82256761592e-05;3.23571875772e-05;3.65807595889e-05;4.08873261642e-05;4.52687331175e-05;4.97176163779e-05;5.42272936383e-05;5.87916669466e-05;6.34051349792e-05;6.80625159171e-05;7.27589846134e-05;7.74900298525e-05;8.22514369292e-05;8.70392960490e-05;9.18500292863e-05;9.66804221931e-05;1.01527645036e-04;1.06389253875e-04;1.11263169851e-04;1.16147641627e-04;1.21041198721e-04;1.25942602922e-04;1.30850802765e-04;1.35764893716e-04;1.40684084884e-04;1.45607672031e-04;1.50535016062e-04;1.55465526073e-04;1.60398646008e-04;1.65333844135e-04;1.70270604665e-04;1.75208420974e-04;1.80146790013e-04;1.85085207574e-04;1.90023164142e-04;1.94960141141e-04;1.99895607392e-04;2.04829015639e-04;2.09759799036e-04;2.14687367458e-04;2.19611103535e-04;2.24530358294e-04;2.29444446288e-04;2.34336376755e-04;2.39184590058e-04;2.43988573460e-04;2.48747914013e-04;2.53462213763e-04;2.58131088917e-04;2.62754169452e-04;2.67331099099e-04;2.71861535653e-04;2.76345151560e-04;2.80781634747e-04;2.85170689654e-04;2.89512038431e-04;2.93805422264e-04;2.98050602798e-04;3.02247363628e-04;3.06395511807e-04;3.10494879350e-04;3.14545324681e-04;3.18546733966e-04;3.22499022284e-04;3.26402134511e-04;3.30256045782e-04;3.34060761225e-04;3.37816314430e-04;3.41522763517e-04;3.45180182484e-04;3.48788642958e-04;3.52348176001e-04;3.55882429321e-04;3.59419392894e-04;3.62939223747e-04;3.66426542790e-04;3.69866988700e-04;3.73242503033e-04;3.76524770790e-04;3.79666426021e-04;3.82594676979e-04;3.85221239589e-04;3.87478166282e-04];

id_n(:,2,1) = [1.00016577508e-12;1.23319471979e-06;2.59313351072e-06;4.07192539709e-06;5.66224366427e-06;7.35734835675e-06;9.15106292846e-06;1.10377288205e-05;1.30121523978e-05;1.50695523957e-05;1.72055118812e-05;1.94159362492e-05;2.16970174084e-05;2.40452036467e-05;2.64571744028e-05;2.89298191233e-05;3.14602194390e-05;3.40456339898e-05;3.66834853317e-05;3.93713484550e-05;4.21069405293e-05;4.48881115698e-05;4.77128357896e-05;5.05792034765e-05;5.34854133063e-05;5.64297650781e-05;5.94106529253e-05;6.24265591068e-05;6.54760485086e-05;6.85577639689e-05;7.16704224916e-05;7.48128123379e-05;7.79837908992e-05;8.11822831880e-05;8.44072807465e-05;8.76578407686e-05;9.09330852650e-05;9.42322001490e-05;9.75544341765e-05;1.00899097723e-04;1.04265561415e-04;1.07653254662e-04;1.11061664127e-04;1.14490332206e-04;1.17938855540e-04;1.21406883614e-04;1.24894117463e-04;1.28400308504e-04;1.31925257517e-04;1.35468813772e-04;1.39030874317e-04;1.42598715148e-04;1.46157113408e-04;1.49705512181e-04;1.53243422992e-04;1.56770398981e-04;1.60286031174e-04;1.63789945061e-04;1.67281797461e-04;1.70761273648e-04;1.74228084717e-04;1.77681965160e-04;1.81122670653e-04;1.84549976001e-04;1.87963673257e-04;1.91363569967e-04;1.94749487547e-04;1.98121259754e-04;2.01478731243e-04;2.04821756180e-04;2.08150196890e-04;2.11463922484e-04;2.14762807416e-04;2.18046729831e-04;2.21315569480e-04;2.24569204693e-04;2.27807507411e-04;2.31030334070e-04;2.34237507678e-04;2.37428781051e-04;2.40606099321e-04;2.43770512594e-04;2.46918303414e-04;2.50045330842e-04;2.53145106534e-04;2.56205510965e-04;2.59203085799e-04;2.62094674776e-04;2.64810974473e-04;2.67265659926e-04;2.69389785186e-04];

id_n(:,3,1) = [1.00016577508e-12;6.45007955620e-07;1.35448464067e-06;2.12565023172e-06;2.95603626300e-06;3.84344211945e-06;4.78589207262e-06;5.78159714578e-06;6.82892295387e-06;7.92636345927e-06;9.07252000877e-06;1.02660848171e-05;1.15058280608e-05;1.27905878353e-05;1.41192623507e-05;1.54908038609e-05;1.69042139295e-05;1.83585397252e-05;1.98528711112e-05;2.13863383493e-05;2.29581102833e-05;2.45673928979e-05;2.62134281758e-05;2.78954931945e-05;2.96128994175e-05;3.13649921487e-05;3.31511501238e-05;3.49707852225e-05;3.68233422891e-05;3.87082990547e-05;4.06251661566e-05;4.25734872553e-05;4.45528392514e-05;4.65628326078e-05;4.86031117832e-05;5.06733557878e-05;5.27732788707e-05;5.49026313533e-05;5.70612006203e-05;5.92488122878e-05;6.14653315621e-05;6.37106648111e-05;6.59847613682e-05;6.82876155923e-05;7.06192692117e-05;7.29798139796e-05;7.53693946794e-05;7.77882125165e-05;8.02365289468e-05;8.27146699957e-05;8.52230311339e-05;8.77528860136e-05;9.02939842837e-05;9.28459322322e-05;9.54083744398e-05;9.79809863465e-05;1.00563473027e-04;1.03155568037e-04;1.05757032323e-04;1.08367653202e-04;1.10987243401e-04;1.13615640153e-04;1.16252704356e-04;1.18898319797e-04;1.21552392422e-04;1.24214849681e-04;1.26885639916e-04;1.29564731825e-04;1.32252113961e-04;1.34947794305e-04;1.37651799859e-04;1.40364176279e-04;1.43084987465e-04;1.45814315044e-04;1.48552257533e-04;1.51298928748e-04;1.54054454537e-04;1.56818965836e-04;1.59592583687e-04;1.62375386812e-04;1.65167362889e-04;1.67968214842e-04;1.70777023900e-04;1.73591593664e-04;1.76406961295e-04;1.79212403600e-04;1.81985894719e-04;1.84685737354e-04;1.87243751496e-04;1.89573526201e-04;1.91603736894e-04];

id_n(:,4,1) = [1.00016577508e-12;3.52059507402e-07;7.35326319854e-07;1.14883097791e-06;1.59174926657e-06;2.06337263425e-06;2.56308362664e-06;3.09033651903e-06;3.64464224541e-06;4.22555677527e-06;4.83267220297e-06;5.46560994376e-06;6.12401555387e-06;6.80755479745e-06;7.51591067065e-06;8.24878116148e-06;9.00587757768e-06;9.78692331583e-06;1.05916529755e-05;1.14198117459e-05;1.22711550101e-05;1.31454481246e-05;1.40424663429e-05;1.49619948593e-05;1.59038289535e-05;1.68677742238e-05;1.78536468970e-05;1.88612742101e-05;1.98904948562e-05;2.09411594933e-05;2.20131313135e-05;2.31062866730e-05;2.42205157842e-05;2.53557234709e-05;2.65118299913e-05;2.76887719328e-05;2.88865031838e-05;3.01049959890e-05;3.13442420964e-05;3.26042540051e-05;3.38850663236e-05;3.51867372519e-05;3.65093502000e-05;3.78530155598e-05;3.92178726478e-05;4.06040918405e-05;4.20118769260e-05;4.34414676994e-05;4.48931428358e-05;4.63672230759e-05;4.78640747700e-05;4.93787785338e-05;5.09057101867e-05;5.24446943197e-05;5.39955731343e-05;5.55582046963e-05;5.71324623576e-05;5.87182341975e-05;6.03154224781e-05;6.19239431146e-05;6.35437251570e-05;6.51747102818e-05;6.68168522934e-05;6.84701166318e-05;7.01344798879e-05;7.18099293242e-05;7.34964624002e-05;7.51940863019e-05;7.69028174743e-05;7.86226811540e-05;8.03537108969e-05;8.20959480880e-05;8.38494414082e-05;8.56142461971e-05;8.73904235839e-05;8.91780391008e-05;9.09771601607e-05;9.27878510457e-05;9.46101624586e-05;9.64441092199e-05;9.82896221610e-05;1.00146444012e-04;1.02013904445e-04;1.03890437544e-04;1.05772564967e-04;1.07652836156e-04;1.09516008029e-04;1.11333284679e-04;1.13057681754e-04;1.14629834592e-04;1.16000908459e-04];

