W_n	= [0.36];
L_n	= [0.18];
Vin_n	= (0:0.02:1.8)';

%	Stored transistor parameters: id

id_n	= zeros(91,1,1);

id_n(:,1,1) = [6.57805678863e-06;6.50743108284e-06;6.43554693533e-06;6.36251143652e-06;6.28830080935e-06;6.21289244383e-06;6.13626485650e-06;6.05839765557e-06;5.97927151119e-06;5.89886813057e-06;5.81717023762e-06;5.73416155661e-06;5.64982679978e-06;5.56415165842e-06;5.47712279732e-06;5.38872785225e-06;5.29895543025e-06;5.20779511269e-06;5.11523746063e-06;5.02127402267e-06;4.92589734481e-06;4.82910098255e-06;4.73087951479e-06;4.63122855987e-06;4.53014479341e-06;4.42762596835e-06;4.32367093719e-06;4.21827967687e-06;4.11145331683e-06;4.00319417120e-06;3.89350577645e-06;3.78239293646e-06;3.66986177814e-06;3.55591982195e-06;3.44057607375e-06;3.32384114760e-06;3.20572743315e-06;3.08624932780e-06;2.96542356268e-06;2.84326966477e-06;2.71981061595e-06;2.59507379687e-06;2.46909234160e-06;2.34190708286e-06;2.21356934285e-06;2.08414492777e-06;1.95371982203e-06;1.82240825630e-06;1.69036403822e-06;1.55779626483e-06;1.42499071852e-06;1.29233824047e-06;1.16037089813e-06;1.02980533027e-06;9.01589553145e-07;7.76943977319e-07;6.57379259177e-07;5.44664791567e-07;4.40718028450e-07;3.47396599491e-07;2.66210911810e-07;1.98028011846e-07;1.42875578180e-07;9.99361215972e-08;6.77388870368e-08;4.44634527878e-08;2.82344333936e-08;1.73271082128e-08;1.02716599167e-08;5.88541676926e-09;3.26549976466e-09;1.75985543290e-09;9.24748424360e-10;4.75805086183e-10;2.40782776919e-10;1.20428112467e-10;5.98967907237e-11;2.99006833677e-11;1.52191500841e-11;8.11047476394e-12;4.70338479854e-12;3.08820589453e-12;2.33330997831e-12;1.98841126937e-12;1.83761088313e-12;1.77812799815e-12;1.76135197531e-12;1.76443335739e-12;1.77669515560e-12;1.79317708212e-12;1.81158787557e-12];
